{
 "cells": [
  {
   "cell_type": "markdown",
   "id": "9a149ad1",
   "metadata": {},
   "source": [
    "## Notebook for testing our pipeline for the Generative Recommender"
   ]
  },
  {
   "cell_type": "code",
   "execution_count": 1,
   "id": "b4813a9a",
   "metadata": {},
   "outputs": [
    {
     "name": "stderr",
     "output_type": "stream",
     "text": [
      "/opt/anaconda3/envs/devenv/lib/python3.13/site-packages/tqdm/auto.py:21: TqdmWarning: IProgress not found. Please update jupyter and ipywidgets. See https://ipywidgets.readthedocs.io/en/stable/user_install.html\n",
      "  from .autonotebook import tqdm as notebook_tqdm\n"
     ]
    }
   ],
   "source": [
    "# Imports here\n",
    "from DataHandler import get_article_feature_string_list\n",
    "from embedder import Embedder\n",
    "from rqvae import RQVAE\n",
    "from rqvae_train import rqvae_loss, train_rqvae_sanity_check, train_rqvae_full, load_trained_rqvae\n",
    "import torch\n",
    "import numpy as np\n",
    "import pickle\n",
    "import os\n",
    "import joblib\n",
    "import torch, numpy as np, random\n",
    "import pandas as pd\n",
    "from transformer import get_all_unique_sids, prepare_dataset, train_model, recommended_next_sid, is_model_trained\n",
    "from transformers import BartTokenizer, BartForConditionalGeneration\n",
    "from collaborative_filtering import compute_item_user_matrix, recommend_for_user\n",
    "\n",
    "\n",
    "# This is ONLY for our tests! Do not use for our full model\n",
    "def set_seed(seed=42):\n",
    "    random.seed(seed)\n",
    "    np.random.seed(seed)\n",
    "    torch.manual_seed(seed)\n",
    "    torch.cuda.manual_seed_all(seed)\n",
    "    torch.use_deterministic_algorithms(True)\n",
    "    torch.backends.cudnn.deterministic = True\n",
    "    torch.backends.cudnn.benchmark = False"
   ]
  },
  {
   "cell_type": "markdown",
   "id": "15a34837",
   "metadata": {},
   "source": [
    "### First, get the feature strings from DataHandler"
   ]
  },
  {
   "cell_type": "code",
   "execution_count": 2,
   "id": "b0774217",
   "metadata": {},
   "outputs": [
    {
     "name": "stdout",
     "output_type": "stream",
     "text": [
      "Number of items: 105542\n",
      "108775015 Solid Dark Black Strap top Jersey top with narrow shoulder straps. Vest top Garment Upper body Jersey Basic Ladieswear Ladieswear Womens Everyday Basics Jersey Basic\n"
     ]
    }
   ],
   "source": [
    "feature_strings = get_article_feature_string_list()\n",
    "# feature_strings is a list of lists, use list comprehension to make it a list of strings (first 1000 items)\n",
    "feature_strings = [item[0] for item in feature_strings]\n",
    "item_ids = [feature_string.split()[0] for feature_string in feature_strings]\n",
    "\n",
    "print(f'Number of items: {len(feature_strings)}')\n",
    "print(feature_strings[0])\n"
   ]
  },
  {
   "cell_type": "markdown",
   "id": "219252d6",
   "metadata": {},
   "source": [
    "### Next, we use the embedder to get the embeddings that will serve as input for RQ-VAE"
   ]
  },
  {
   "cell_type": "code",
   "execution_count": 3,
   "id": "5b88c7c2",
   "metadata": {},
   "outputs": [
    {
     "name": "stdout",
     "output_type": "stream",
     "text": [
      "The embeddings have the shape: (105542, 384)\n"
     ]
    }
   ],
   "source": [
    "if os.path.exists('SBERT_embeddings_fulldata.npy'):\n",
    "    embeddings = np.load('SBERT_embeddings_fulldata.npy')\n",
    "    print(f'The embeddings have the shape: {embeddings.shape}')\n",
    "else:\n",
    "    embedder = Embedder(\"sbert\")\n",
    "    embeddings = embedder.encode(feature_strings) # embeddings has shape (n, d), where d = 384 for SBERT\n",
    "    print(f'The embeddings have the shape: {embeddings.shape}')\n",
    "    # print(embeddings[0])\n",
    "    np.save('SBERT_embeddings_fulldata.npy', embeddings)"
   ]
  },
  {
   "cell_type": "markdown",
   "id": "2dd76765",
   "metadata": {},
   "source": [
    "### Now, we can use the embeddings with RQ-VAE. The code loads hashmaps between item IDs and semantic IDs if they exist. If not, it uses the model to generate semantic IDs and creates (and saves) the hashmaps"
   ]
  },
  {
   "cell_type": "code",
   "execution_count": 4,
   "id": "dbf0e4e6",
   "metadata": {},
   "outputs": [
    {
     "name": "stdout",
     "output_type": "stream",
     "text": [
      "Generating semantic IDs\n",
      "Running sanity check for RQ-VAE\n",
      "Testing with 100 samples.\n",
      "Epoch 1 average loss: 0.0042\n",
      "Epoch 2 average loss: 0.0031\n",
      "Epoch 3 average loss: 0.0023\n",
      "Epoch 4 average loss: 0.0019\n",
      "Epoch 5 average loss: 0.0017\n",
      "semantic_ids has shape: (105542, 4)\n",
      "printing the first semantic ID (untrained RQ-VAE)\n",
      "[ 28 402 504 163]\n",
      "Loading existing hashmaps\n",
      "Loaded the hashmaps\n"
     ]
    }
   ],
   "source": [
    "input_dim = embeddings.shape[1]\n",
    "latent_dim = 32\n",
    "hidden_dim = 256\n",
    "codebook_size = 512\n",
    "num_quantizers = 4\n",
    "\n",
    "TRAINING_MODE = 'sanity_check'\n",
    "\n",
    "set_seed(42)\n",
    "rqvae = RQVAE(input_dim=input_dim, latent_dim=latent_dim, hidden_dim=hidden_dim, codebook_size=512, num_quantizers=num_quantizers)\n",
    "\n",
    "# We need to train the model here, before retrieving semantic IDs! Omitting for now... \n",
    "# trained_model = ...\n",
    "\n",
    "print('Generating semantic IDs')\n",
    "\n",
    "if isinstance(embeddings, np.ndarray):\n",
    "    embeddings = torch.from_numpy(embeddings).float()\n",
    "\n",
    "if TRAINING_MODE == 'sanity_check':\n",
    "    print(\"Running sanity check for RQ-VAE\")\n",
    "    rqvae = train_rqvae_sanity_check(rqvae, embeddings)\n",
    "\n",
    "elif TRAINING_MODE == 'full_training':\n",
    "    print(\"Training RQ-VAE\")\n",
    "    rqvae = train_rqvae_full(rqvae, embeddings, save_path='./models/rqvae')\n",
    "\n",
    "semantic_ids = rqvae.encode_to_semantic_ids(embeddings)\n",
    "semantic_ids = semantic_ids.detach().numpy() # List of semantic IDs\n",
    "\n",
    "print(f'semantic_ids has shape: {semantic_ids.shape}')\n",
    "print('printing the first semantic ID (untrained RQ-VAE)')\n",
    "print(semantic_ids[0])\n",
    "\n",
    "item_2_semantic = {}\n",
    "semantic_2_item = {}\n",
    "\n",
    "if os.path.exists('item_2_semantic_20251101_first_iter_textonly.pkl') and os.path.exists('semantic_2_item_20251101_first_iter_textonly.pkl'):\n",
    "    print('Loading existing hashmaps')\n",
    "\n",
    "    with open('item_2_semantic_20251101_first_iter_textonly.pkl', 'rb') as f:\n",
    "        item_2_semantic = pickle.load(f)\n",
    "    with open('semantic_2_item_20251101_first_iter_textonly.pkl', 'rb') as f:\n",
    "        semantic_2_item = pickle.load(f)\n",
    "    print('Loaded the hashmaps')\n",
    "\n",
    "else:\n",
    "    for item_id, semantic_id in zip(item_ids, semantic_ids):\n",
    "        semantic_tuple = tuple(semantic_id.astype(int))\n",
    "        item_2_semantic[item_id] = semantic_tuple\n",
    "        semantic_2_item[semantic_tuple] = item_id\n",
    "\n",
    "    print(f'Done creating hashmaps. Saving...')\n",
    "    with open('item_2_semantic_20251101_first_iter_textonly.pkl', 'wb') as f:\n",
    "        pickle.dump(item_2_semantic, f)\n",
    "\n",
    "    with open('semantic_2_item_20251101_first_iter_textonly.pkl', 'wb') as f:\n",
    "        pickle.dump(semantic_2_item, f)\n",
    "    print(f'Saved hashmaps to files.')"
   ]
  },
  {
   "cell_type": "markdown",
   "id": "e47ff4d0",
   "metadata": {},
   "source": [
    "### Converting transactions data: \n",
    "#### user_id: item_id1, ..., item_idn --> user_id: item_SID1, ..., item_SIDn"
   ]
  },
  {
   "cell_type": "code",
   "execution_count": 5,
   "id": "01c68a0f",
   "metadata": {},
   "outputs": [
    {
     "name": "stdout",
     "output_type": "stream",
     "text": [
      "Loading existing customer_transactions_train and customer_transactions_val\n",
      "Loaded existing customer_transactions_train and customer_transactions_val\n",
      "00006413d8573cd20ed7128e53b7b13819fe5cfc2d801fe7fc0f26dd8d65a85a: [(np.int64(126), np.int64(6), np.int64(235), np.int64(74)), (np.int64(289), np.int64(352), np.int64(327), np.int64(7)), (np.int64(101), np.int64(176), np.int64(218), np.int64(256)), (np.int64(169), np.int64(81), np.int64(326), np.int64(31)), (np.int64(275), np.int64(458), np.int64(343), np.int64(237)), (np.int64(275), np.int64(458), np.int64(343), np.int64(237)), (np.int64(25), np.int64(202), np.int64(311), np.int64(19)), (np.int64(441), np.int64(253), np.int64(43), np.int64(351)), (np.int64(353), np.int64(136), np.int64(82), np.int64(317)), (np.int64(185), np.int64(269), np.int64(375), np.int64(258)), (np.int64(247), np.int64(41), np.int64(343), np.int64(39)), (np.int64(175), np.int64(195), np.int64(85), np.int64(114)), (np.int64(413), np.int64(299), np.int64(2), np.int64(68))]\n"
     ]
    }
   ],
   "source": [
    "transactions_train = pd.read_pickle('customer_transactions_TRAIN60P.pkl')\n",
    "transactions_val = pd.read_pickle('customer_transactions_VAL20P.pkl')\n",
    "\n",
    "customer_transactions_train = {}\n",
    "customer_transactions_val = {}\n",
    "if os.path.exists('customer_transactions_train.pkl') and os.path.exists('customer_transactions_val.pkl'):\n",
    "    print('Loading existing customer_transactions_train and customer_transactions_val')\n",
    "\n",
    "    with open('customer_transactions_train.pkl', 'rb') as f:\n",
    "        customer_transactions_train = pickle.load(f)\n",
    "    with open('customer_transactions_val.pkl', 'rb') as f:\n",
    "        customer_transactions_val = pickle.load(f)\n",
    "\n",
    "    print('Loaded existing customer_transactions_train and customer_transactions_val')\n",
    "else:\n",
    "\n",
    "    for customer_id, group in transactions_train.groupby(\"customer_id\"):\n",
    "        item_ids = group[\"article_id\"].tolist()[0]\n",
    "        sid_list = []\n",
    "        for item_id in item_ids:\n",
    "            sid = item_2_semantic.get(str(item_id))\n",
    "            if sid is not None:\n",
    "                sid_list.append(sid)\n",
    "            else:\n",
    "                print(f\"Warning: missing mapping for article_id {item_id}.\")\n",
    "        customer_transactions_train[customer_id] = sid_list\n",
    "    \n",
    "    for customer_id, group in transactions_val.groupby(\"customer_id\"):\n",
    "        item_ids = group[\"article_id\"].tolist()[0]\n",
    "        sid_list = []\n",
    "        for item_id in item_ids:\n",
    "            sid = item_2_semantic.get(str(item_id))\n",
    "            if sid is not None:\n",
    "                sid_list.append(sid)\n",
    "            else:\n",
    "                print(f\"Warning: missing mapping for article_id {item_id}.\")\n",
    "        customer_transactions_val[customer_id] = sid_list\n",
    "    \n",
    "    print(\"customer_transactions_train and customer_transactions_val have been created, saving...\")\n",
    "    with open(\"customer_transactions_train.pkl\", \"wb\") as f:\n",
    "        pickle.dump(customer_transactions_train, f)\n",
    "    with open('customer_transactions_val.pkl', 'wb') as f:\n",
    "        pickle.dump(customer_transactions_val, f)\n",
    "    print(\"Saving done!\")\n",
    "\n",
    "first_customer = list(customer_transactions_val.keys())[0]\n",
    "print(f\"{first_customer}: {customer_transactions_val[first_customer]}\")"
   ]
  },
  {
   "cell_type": "markdown",
   "id": "14b7dd5c",
   "metadata": {},
   "source": [
    "### Taking a subset of transactions_train data (customer_transactions_train and customer_transactions_val) for training of transfomer"
   ]
  },
  {
   "cell_type": "code",
   "execution_count": 6,
   "id": "88521186",
   "metadata": {},
   "outputs": [
    {
     "name": "stdout",
     "output_type": "stream",
     "text": [
      "First sample of train data:  [(np.int64(139), np.int64(283), np.int64(20), np.int64(354)), (np.int64(462), np.int64(79), np.int64(375), np.int64(252)), (np.int64(288), np.int64(108), np.int64(30), np.int64(348)), (np.int64(218), np.int64(202), np.int64(120), np.int64(403)), (np.int64(502), np.int64(423), np.int64(113), np.int64(70)), (np.int64(502), np.int64(423), np.int64(113), np.int64(70)), (np.int64(321), np.int64(423), np.int64(330), np.int64(94)), (np.int64(381), np.int64(122), np.int64(356), np.int64(231)), (np.int64(260), np.int64(261), np.int64(303), np.int64(53)), (np.int64(502), np.int64(219), np.int64(312), np.int64(310)), (np.int64(502), np.int64(219), np.int64(312), np.int64(310)), (np.int64(303), np.int64(219), np.int64(120), np.int64(30)), (np.int64(318), np.int64(249), np.int64(505), np.int64(343)), (np.int64(289), np.int64(41), np.int64(357), np.int64(258)), (np.int64(482), np.int64(272), np.int64(112), np.int64(24)), (np.int64(63), np.int64(436), np.int64(492), np.int64(35)), (np.int64(102), np.int64(506), np.int64(70), np.int64(78)), (np.int64(470), np.int64(196), np.int64(380), np.int64(385)), (np.int64(412), np.int64(398), np.int64(184), np.int64(175)), (np.int64(412), np.int64(41), np.int64(482), np.int64(279)), (np.int64(502), np.int64(269), np.int64(291), np.int64(19))]\n",
      "First sample of val data:  [(np.int64(126), np.int64(6), np.int64(235), np.int64(74)), (np.int64(289), np.int64(352), np.int64(327), np.int64(7)), (np.int64(101), np.int64(176), np.int64(218), np.int64(256)), (np.int64(169), np.int64(81), np.int64(326), np.int64(31)), (np.int64(275), np.int64(458), np.int64(343), np.int64(237)), (np.int64(275), np.int64(458), np.int64(343), np.int64(237)), (np.int64(25), np.int64(202), np.int64(311), np.int64(19)), (np.int64(441), np.int64(253), np.int64(43), np.int64(351)), (np.int64(353), np.int64(136), np.int64(82), np.int64(317)), (np.int64(185), np.int64(269), np.int64(375), np.int64(258)), (np.int64(247), np.int64(41), np.int64(343), np.int64(39)), (np.int64(175), np.int64(195), np.int64(85), np.int64(114)), (np.int64(413), np.int64(299), np.int64(2), np.int64(68))]\n"
     ]
    }
   ],
   "source": [
    "train_subset_keys = list(customer_transactions_train.keys())[:200]\n",
    "customer_transactions_train_subset = {k: customer_transactions_train[k] for k in train_subset_keys}\n",
    "print(\"First sample of train data: \", customer_transactions_train_subset[list(customer_transactions_train_subset.keys())[0]])\n",
    "\n",
    "val_subset_keys = list(customer_transactions_val.keys())[:50]\n",
    "customer_transactions_val_subset = {k: customer_transactions_val[k] for k in val_subset_keys}\n",
    "print(\"First sample of val data: \", customer_transactions_val_subset[list(customer_transactions_val_subset.keys())[0]])"
   ]
  },
  {
   "cell_type": "markdown",
   "id": "91f6590b",
   "metadata": {},
   "source": [
    "### Training the transformer"
   ]
  },
  {
   "cell_type": "code",
   "execution_count": 7,
   "id": "11dade5d",
   "metadata": {},
   "outputs": [
    {
     "name": "stdout",
     "output_type": "stream",
     "text": [
      "There is no pretrained model, the model will be trained ...\n"
     ]
    },
    {
     "name": "stderr",
     "output_type": "stream",
     "text": [
      "The new embeddings will be initialized from a multivariate normal distribution that has old embeddings' mean and covariance. As described in this article: https://nlp.stanford.edu/~johnhew/vocab-expansion.html. To disable this, use `mean_resizing=False`\n",
      "/opt/anaconda3/envs/devenv/lib/python3.13/site-packages/torch/utils/data/dataloader.py:684: UserWarning: 'pin_memory' argument is set as true but not supported on MPS now, then device pinned memory won't be used.\n",
      "  warnings.warn(warn_msg)\n"
     ]
    },
    {
     "data": {
      "text/html": [
       "\n",
       "    <div>\n",
       "      \n",
       "      <progress value='600' max='1595' style='width:300px; height:20px; vertical-align: middle;'></progress>\n",
       "      [ 600/1595 02:20 < 03:53, 4.25 it/s, Epoch 1/5]\n",
       "    </div>\n",
       "    <table border=\"1\" class=\"dataframe\">\n",
       "  <thead>\n",
       " <tr style=\"text-align: left;\">\n",
       "      <th>Step</th>\n",
       "      <th>Training Loss</th>\n",
       "      <th>Validation Loss</th>\n",
       "    </tr>\n",
       "  </thead>\n",
       "  <tbody>\n",
       "    <tr>\n",
       "      <td>100</td>\n",
       "      <td>3.866200</td>\n",
       "      <td>2.801284</td>\n",
       "    </tr>\n",
       "    <tr>\n",
       "      <td>200</td>\n",
       "      <td>2.643100</td>\n",
       "      <td>2.839045</td>\n",
       "    </tr>\n",
       "    <tr>\n",
       "      <td>300</td>\n",
       "      <td>2.531000</td>\n",
       "      <td>2.863157</td>\n",
       "    </tr>\n",
       "    <tr>\n",
       "      <td>400</td>\n",
       "      <td>2.210300</td>\n",
       "      <td>3.204779</td>\n",
       "    </tr>\n",
       "    <tr>\n",
       "      <td>500</td>\n",
       "      <td>2.163400</td>\n",
       "      <td>3.063462</td>\n",
       "    </tr>\n",
       "    <tr>\n",
       "      <td>600</td>\n",
       "      <td>2.184000</td>\n",
       "      <td>3.023375</td>\n",
       "    </tr>\n",
       "  </tbody>\n",
       "</table><p>"
      ],
      "text/plain": [
       "<IPython.core.display.HTML object>"
      ]
     },
     "metadata": {},
     "output_type": "display_data"
    },
    {
     "name": "stderr",
     "output_type": "stream",
     "text": [
      "/opt/anaconda3/envs/devenv/lib/python3.13/site-packages/transformers/modeling_utils.py:3918: UserWarning: Moving the following attributes in the config to the generation config: {'early_stopping': True, 'num_beams': 4, 'no_repeat_ngram_size': 3, 'forced_bos_token_id': 0}. You are seeing this warning because you've set generation parameters in the model config, as opposed to in the generation config.\n",
      "  warnings.warn(\n"
     ]
    }
   ],
   "source": [
    "window_size=3\n",
    "\n",
    "if is_model_trained(): \n",
    "    print('The model is loaded...')\n",
    "    model = BartForConditionalGeneration.from_pretrained('./bart-recommender/final_model')\n",
    "    tokenizer = BartTokenizer.from_pretrained('./bart-recommender/final_model')\n",
    "else: \n",
    "    print('There is no pretrained model, the model will be trained ...')\n",
    "\n",
    "    unique_sids_train = get_all_unique_sids(customer_transactions_train_subset)\n",
    "    unique_sids_val = get_all_unique_sids(customer_transactions_val_subset)\n",
    "    all_unique_sids = set(unique_sids_train)\n",
    "    for sid in unique_sids_val:\n",
    "        all_unique_sids.add(sid)\n",
    "    \n",
    "    tokenizer = BartTokenizer.from_pretrained('facebook/bart-base')\n",
    "    tokenizer.add_tokens(list(all_unique_sids))\n",
    "\n",
    "    model = BartForConditionalGeneration.from_pretrained('facebook/bart-base')\n",
    "    # resize model embeddings after adding token to tokenizer\n",
    "    model.resize_token_embeddings(len(tokenizer))\n",
    "\n",
    "    train_dataset = prepare_dataset(customer_transactions_train_subset, window_size, tokenizer)\n",
    "    val_dataset = prepare_dataset(customer_transactions_val_subset, window_size, tokenizer)\n",
    "    train_model(train_dataset, model, val_dataset)\n",
    "\n",
    "    model.save_pretrained('./bart-recommender/final_model')\n",
    "    tokenizer.save_pretrained('./bart-recommender/final_model')"
   ]
  },
  {
   "cell_type": "markdown",
   "id": "7c050432",
   "metadata": {},
   "source": [
    "### Retrieving articles info for mapping"
   ]
  },
  {
   "cell_type": "code",
   "execution_count": 8,
   "id": "a54f4103",
   "metadata": {},
   "outputs": [
    {
     "name": "stdout",
     "output_type": "stream",
     "text": [
      "1    Strap top\n",
      "Name: prod_name, dtype: object\n",
      "Strap top\n"
     ]
    }
   ],
   "source": [
    "articles = pd.read_pickle('articles.pkl')\n",
    "article_id = 108775044\n",
    "row = articles.loc[articles['article_id'] == article_id]\n",
    "product_name = row['prod_name']\n",
    "product_name2 = row['prod_name'].iloc[0]\n",
    "print(product_name)\n",
    "print(product_name2)"
   ]
  },
  {
   "cell_type": "markdown",
   "id": "f3f1d1ac",
   "metadata": {},
   "source": [
    "## Inference: "
   ]
  },
  {
   "cell_type": "markdown",
   "id": "9462a0fc",
   "metadata": {},
   "source": [
    "### 1. Inference by GR System : recommend SIDs for given customer transaction sequence "
   ]
  },
  {
   "cell_type": "code",
   "execution_count": 9,
   "id": "04a6e314",
   "metadata": {},
   "outputs": [
    {
     "name": "stdout",
     "output_type": "stream",
     "text": [
      "Customer: fffd70b14382482cf3d10def86df367b2b6e0af711dede538a6a036dcc04da0b\n",
      "test SIDs sequence: ['368 219 505 35', '481 204 380 510', '16 155 223 187']\n",
      "Recommended SIDs, generated by transformer: \n",
      "Rec. SID: 448 247 291 256 --> article_id: 706016050 --> product_name: Jade HW Skinny Denim TRS\n",
      "Rec. SID: 343 151 233 311 --> article_id: 706016001 --> product_name: Jade HW Skinny Denim TRS\n",
      "Rec. SID: 54 122 32 457 --> article_id: 668537002 --> product_name: Doutzen\n",
      "Rec. SID: 260 375 120 1 --> article_id: 751471039 --> product_name: Pluto RW slacks (1)\n",
      "Rec. SID: 448 136 317 508 --> article_id: 562245108 --> product_name: Luna skinny RW\n",
      "Rec. SID: 30 298 474 258 --> article_id: 562245046 --> product_name: Luna skinny RW\n",
      "Rec. SID: 238 18 455 436 --> article_id: 160442010 --> product_name: 3p Sneaker Socks\n",
      "Rec. SID: 370 448 305 35 --> article_id: 685814001 --> product_name: RICHIE HOOD\n",
      "Rec. SID: 54 474 32 385 --> article_id: 668537001 --> product_name: Doutzen\n",
      "Rec. SID: 394 270 249 100 --> article_id: 723529001 --> product_name: Lazer Razer Adj. push triangle\n",
      "Rec. SID: 101 164 350 461 --> article_id: 811835006 --> product_name: Superwoman Superpush\n",
      "Rec. SID: 30 492 70 404 --> article_id: 572998001 --> product_name: Beverly HW Loose Mom Fit Dnm\n",
      "Customer: fffd82f00fc748fae98fa569c6863a4c5b2242e0c8162871a91bcbf10b4b95be\n",
      "test SIDs sequence: ['202 368 120 305', '202 368 120 305', '145 352 440 31']\n",
      "Recommended SIDs, generated by transformer: \n",
      "Rec. SID: 448 247 291 256 --> article_id: 706016050 --> product_name: Jade HW Skinny Denim TRS\n",
      "Rec. SID: 54 122 32 457 --> article_id: 668537002 --> product_name: Doutzen\n",
      "Rec. SID: 343 151 233 311 --> article_id: 706016001 --> product_name: Jade HW Skinny Denim TRS\n",
      "Rec. SID: 260 375 120 1 --> article_id: 751471039 --> product_name: Pluto RW slacks (1)\n",
      "Rec. SID: 448 136 317 508 --> article_id: 562245108 --> product_name: Luna skinny RW\n",
      "Rec. SID: 30 298 474 258 --> article_id: 562245046 --> product_name: Luna skinny RW\n",
      "Rec. SID: 238 18 455 436 --> article_id: 160442010 --> product_name: 3p Sneaker Socks\n",
      "Rec. SID: 370 448 305 35 --> article_id: 685814001 --> product_name: RICHIE HOOD\n",
      "Rec. SID: 54 474 32 385 --> article_id: 668537001 --> product_name: Doutzen\n",
      "Rec. SID: 394 270 249 100 --> article_id: 723529001 --> product_name: Lazer Razer Adj. push triangle\n",
      "Rec. SID: 30 492 70 404 --> article_id: 572998001 --> product_name: Beverly HW Loose Mom Fit Dnm\n",
      "Rec. SID: 469 279 350 193 --> article_id: 372860001 --> product_name: 7p Basic Shaftless\n",
      "Customer: fffe31e3db6da51996aa72113b4672fae9bad96d1298e2eb798f06c963bebc13\n",
      "test SIDs sequence: ['169 151 487 198', '169 492 327 408', '78 286 171 82']\n",
      "Recommended SIDs, generated by transformer: \n",
      "Rec. SID: 448 247 291 256 --> article_id: 706016050 --> product_name: Jade HW Skinny Denim TRS\n",
      "Rec. SID: 343 151 233 311 --> article_id: 706016001 --> product_name: Jade HW Skinny Denim TRS\n",
      "Rec. SID: 54 122 32 457 --> article_id: 668537002 --> product_name: Doutzen\n",
      "Rec. SID: 260 375 120 1 --> article_id: 751471039 --> product_name: Pluto RW slacks (1)\n",
      "Rec. SID: 448 136 317 508 --> article_id: 562245108 --> product_name: Luna skinny RW\n",
      "Rec. SID: 30 298 474 258 --> article_id: 562245046 --> product_name: Luna skinny RW\n",
      "Rec. SID: 238 18 455 436 --> article_id: 160442010 --> product_name: 3p Sneaker Socks\n",
      "Rec. SID: 370 448 305 35 --> article_id: 685814001 --> product_name: RICHIE HOOD\n",
      "Rec. SID: 54 474 32 385 --> article_id: 668537001 --> product_name: Doutzen\n",
      "Rec. SID: 394 270 249 100 --> article_id: 723529001 --> product_name: Lazer Razer Adj. push triangle\n",
      "Rec. SID: 30 492 70 404 --> article_id: 572998001 --> product_name: Beverly HW Loose Mom Fit Dnm\n",
      "Rec. SID: 101 164 350 461 --> article_id: 811835006 --> product_name: Superwoman Superpush\n",
      "Customer: fffeb8c2b8b5541865aa6ecd68d65dbe3f17dc93e2776d37b233438c94d9dd12\n",
      "test SIDs sequence: ['234 23 462 432', '479 6 321 131', '322 219 455 432']\n",
      "Recommended SIDs, generated by transformer: \n",
      "Rec. SID: 448 247 291 256 --> article_id: 706016050 --> product_name: Jade HW Skinny Denim TRS\n",
      "Rec. SID: 343 151 233 311 --> article_id: 706016001 --> product_name: Jade HW Skinny Denim TRS\n",
      "Rec. SID: 54 122 32 457 --> article_id: 668537002 --> product_name: Doutzen\n",
      "Rec. SID: 260 375 120 1 --> article_id: 751471039 --> product_name: Pluto RW slacks (1)\n",
      "Rec. SID: 448 136 317 508 --> article_id: 562245108 --> product_name: Luna skinny RW\n",
      "Rec. SID: 30 298 474 258 --> article_id: 562245046 --> product_name: Luna skinny RW\n",
      "Rec. SID: 238 18 455 436 --> article_id: 160442010 --> product_name: 3p Sneaker Socks\n",
      "Rec. SID: 54 474 32 385 --> article_id: 668537001 --> product_name: Doutzen\n",
      "Rec. SID: 370 448 305 35 --> article_id: 685814001 --> product_name: RICHIE HOOD\n",
      "Rec. SID: 101 164 350 461 --> article_id: 811835006 --> product_name: Superwoman Superpush\n",
      "Rec. SID: 30 492 70 404 --> article_id: 572998001 --> product_name: Beverly HW Loose Mom Fit Dnm\n",
      "Rec. SID: 394 270 249 100 --> article_id: 723529001 --> product_name: Lazer Razer Adj. push triangle\n",
      "Customer: fffec3dbcc87c78300f37f62cfca4274f1ea6ef59dba10f9b86ac2e5f09d2c03\n",
      "test SIDs sequence: ['510 122 380 266', '327 155 455 60', '17 18 20 19']\n",
      "Recommended SIDs, generated by transformer: \n",
      "Rec. SID: 448 247 291 256 --> article_id: 706016050 --> product_name: Jade HW Skinny Denim TRS\n",
      "Rec. SID: 343 151 233 311 --> article_id: 706016001 --> product_name: Jade HW Skinny Denim TRS\n",
      "Rec. SID: 54 122 32 457 --> article_id: 668537002 --> product_name: Doutzen\n",
      "Rec. SID: 260 375 120 1 --> article_id: 751471039 --> product_name: Pluto RW slacks (1)\n",
      "Rec. SID: 448 136 317 508 --> article_id: 562245108 --> product_name: Luna skinny RW\n",
      "Rec. SID: 30 298 474 258 --> article_id: 562245046 --> product_name: Luna skinny RW\n",
      "Rec. SID: 238 18 455 436 --> article_id: 160442010 --> product_name: 3p Sneaker Socks\n",
      "Rec. SID: 54 474 32 385 --> article_id: 668537001 --> product_name: Doutzen\n",
      "Rec. SID: 370 448 305 35 --> article_id: 685814001 --> product_name: RICHIE HOOD\n",
      "Rec. SID: 101 164 350 461 --> article_id: 811835006 --> product_name: Superwoman Superpush\n",
      "Rec. SID: 394 270 249 100 --> article_id: 723529001 --> product_name: Lazer Razer Adj. push triangle\n",
      "Rec. SID: 30 492 70 404 --> article_id: 572998001 --> product_name: Beverly HW Loose Mom Fit Dnm\n",
      "Customer: fffeec73fb0d1884cd99b8ace0044b94f72d671672cbb6613e8341dabc2b7834\n",
      "test SIDs sequence: ['212 272 305 25', '333 41 199 271']\n",
      "Recommended SIDs, generated by transformer: \n",
      "Rec. SID: 448 247 291 256 --> article_id: 706016050 --> product_name: Jade HW Skinny Denim TRS\n",
      "Rec. SID: 343 151 233 311 --> article_id: 706016001 --> product_name: Jade HW Skinny Denim TRS\n",
      "Rec. SID: 54 122 32 457 --> article_id: 668537002 --> product_name: Doutzen\n",
      "Rec. SID: 260 375 120 1 --> article_id: 751471039 --> product_name: Pluto RW slacks (1)\n",
      "Rec. SID: 448 136 317 508 --> article_id: 562245108 --> product_name: Luna skinny RW\n",
      "Rec. SID: 30 298 474 258 --> article_id: 562245046 --> product_name: Luna skinny RW\n",
      "Rec. SID: 238 18 455 436 --> article_id: 160442010 --> product_name: 3p Sneaker Socks\n",
      "Rec. SID: 370 448 305 35 --> article_id: 685814001 --> product_name: RICHIE HOOD\n",
      "Rec. SID: 54 474 32 385 --> article_id: 668537001 --> product_name: Doutzen\n",
      "Rec. SID: 101 164 350 461 --> article_id: 811835006 --> product_name: Superwoman Superpush\n",
      "Rec. SID: 394 270 249 100 --> article_id: 723529001 --> product_name: Lazer Razer Adj. push triangle\n",
      "Rec. SID: 30 492 70 404 --> article_id: 572998001 --> product_name: Beverly HW Loose Mom Fit Dnm\n",
      "Customer: fffef3b6b73545df065b521e19f64bf6fe93bfd450ab20e02ce5d1e58a8f700b\n",
      "test SIDs sequence: ['237 506 97 277', '237 353 83 388', '321 309 442 330']\n",
      "Recommended SIDs, generated by transformer: \n",
      "Rec. SID: 448 247 291 256 --> article_id: 706016050 --> product_name: Jade HW Skinny Denim TRS\n",
      "Rec. SID: 343 151 233 311 --> article_id: 706016001 --> product_name: Jade HW Skinny Denim TRS\n",
      "Rec. SID: 54 122 32 457 --> article_id: 668537002 --> product_name: Doutzen\n",
      "Rec. SID: 260 375 120 1 --> article_id: 751471039 --> product_name: Pluto RW slacks (1)\n",
      "Rec. SID: 448 136 317 508 --> article_id: 562245108 --> product_name: Luna skinny RW\n",
      "Rec. SID: 30 298 474 258 --> article_id: 562245046 --> product_name: Luna skinny RW\n",
      "Rec. SID: 238 18 455 436 --> article_id: 160442010 --> product_name: 3p Sneaker Socks\n",
      "Rec. SID: 370 448 305 35 --> article_id: 685814001 --> product_name: RICHIE HOOD\n",
      "Rec. SID: 54 474 32 385 --> article_id: 668537001 --> product_name: Doutzen\n",
      "Rec. SID: 394 270 249 100 --> article_id: 723529001 --> product_name: Lazer Razer Adj. push triangle\n",
      "Rec. SID: 30 492 70 404 --> article_id: 572998001 --> product_name: Beverly HW Loose Mom Fit Dnm\n",
      "Rec. SID: 101 164 350 461 --> article_id: 811835006 --> product_name: Superwoman Superpush\n",
      "Customer: ffff2f5a160e334d722d2f2c36be9907f6d097a141e49b72d56db00f5788bef8\n",
      "test SIDs sequence: ['448 298 64 187', '389 253 461 456', '353 391 78 23']\n",
      "Recommended SIDs, generated by transformer: \n",
      "Rec. SID: 448 247 291 256 --> article_id: 706016050 --> product_name: Jade HW Skinny Denim TRS\n",
      "Rec. SID: 54 122 32 457 --> article_id: 668537002 --> product_name: Doutzen\n",
      "Rec. SID: 343 151 233 311 --> article_id: 706016001 --> product_name: Jade HW Skinny Denim TRS\n",
      "Rec. SID: 260 375 120 1 --> article_id: 751471039 --> product_name: Pluto RW slacks (1)\n",
      "Rec. SID: 448 136 317 508 --> article_id: 562245108 --> product_name: Luna skinny RW\n",
      "Rec. SID: 30 298 474 258 --> article_id: 562245046 --> product_name: Luna skinny RW\n",
      "Rec. SID: 238 18 455 436 --> article_id: 160442010 --> product_name: 3p Sneaker Socks\n",
      "Rec. SID: 370 448 305 35 --> article_id: 685814001 --> product_name: RICHIE HOOD\n",
      "Rec. SID: 54 474 32 385 --> article_id: 668537001 --> product_name: Doutzen\n",
      "Rec. SID: 394 270 249 100 --> article_id: 723529001 --> product_name: Lazer Razer Adj. push triangle\n",
      "Rec. SID: 30 492 70 404 --> article_id: 572998001 --> product_name: Beverly HW Loose Mom Fit Dnm\n",
      "Rec. SID: 101 164 350 461 --> article_id: 811835006 --> product_name: Superwoman Superpush\n",
      "Customer: ffff8f9ecdce722b5bab97fff68a6d1866492209bfe5242c50d2a10a652fb5ef\n",
      "test SIDs sequence: ['282 210 431 299', '282 286 18 302', '90 511 311 456']\n",
      "Recommended SIDs, generated by transformer: \n",
      "Rec. SID: 448 247 291 256 --> article_id: 706016050 --> product_name: Jade HW Skinny Denim TRS\n",
      "Rec. SID: 343 151 233 311 --> article_id: 706016001 --> product_name: Jade HW Skinny Denim TRS\n",
      "Rec. SID: 54 122 32 457 --> article_id: 668537002 --> product_name: Doutzen\n",
      "Rec. SID: 260 375 120 1 --> article_id: 751471039 --> product_name: Pluto RW slacks (1)\n",
      "Rec. SID: 448 136 317 508 --> article_id: 562245108 --> product_name: Luna skinny RW\n",
      "Rec. SID: 30 298 474 258 --> article_id: 562245046 --> product_name: Luna skinny RW\n",
      "Rec. SID: 238 18 455 436 --> article_id: 160442010 --> product_name: 3p Sneaker Socks\n",
      "Rec. SID: 370 448 305 35 --> article_id: 685814001 --> product_name: RICHIE HOOD\n",
      "Rec. SID: 54 474 32 385 --> article_id: 668537001 --> product_name: Doutzen\n",
      "Rec. SID: 394 270 249 100 --> article_id: 723529001 --> product_name: Lazer Razer Adj. push triangle\n",
      "Rec. SID: 30 492 70 404 --> article_id: 572998001 --> product_name: Beverly HW Loose Mom Fit Dnm\n",
      "Rec. SID: 101 164 350 461 --> article_id: 811835006 --> product_name: Superwoman Superpush\n",
      "Customer: ffffbbf78b6eaac697a8a5dfbfd2bfa8113ee5b403e4747568cac33e8c541831\n",
      "test SIDs sequence: ['433 474 35 194', '57 498 208 456', '220 155 380 404']\n",
      "Recommended SIDs, generated by transformer: \n",
      "Rec. SID: 448 247 291 256 --> article_id: 706016050 --> product_name: Jade HW Skinny Denim TRS\n",
      "Rec. SID: 343 151 233 311 --> article_id: 706016001 --> product_name: Jade HW Skinny Denim TRS\n",
      "Rec. SID: 54 122 32 457 --> article_id: 668537002 --> product_name: Doutzen\n",
      "Rec. SID: 260 375 120 1 --> article_id: 751471039 --> product_name: Pluto RW slacks (1)\n",
      "Rec. SID: 448 136 317 508 --> article_id: 562245108 --> product_name: Luna skinny RW\n",
      "Rec. SID: 30 298 474 258 --> article_id: 562245046 --> product_name: Luna skinny RW\n",
      "Rec. SID: 238 18 455 436 --> article_id: 160442010 --> product_name: 3p Sneaker Socks\n",
      "Rec. SID: 370 448 305 35 --> article_id: 685814001 --> product_name: RICHIE HOOD\n",
      "Rec. SID: 54 474 32 385 --> article_id: 668537001 --> product_name: Doutzen\n",
      "Rec. SID: 101 164 350 461 --> article_id: 811835006 --> product_name: Superwoman Superpush\n",
      "Rec. SID: 394 270 249 100 --> article_id: 723529001 --> product_name: Lazer Razer Adj. push triangle\n",
      "Rec. SID: 30 492 70 404 --> article_id: 572998001 --> product_name: Beverly HW Loose Mom Fit Dnm\n"
     ]
    }
   ],
   "source": [
    "last_10_customers = list(customer_transactions_val.keys())[-10:]\n",
    "test_customers_sequences = {k: customer_transactions_val[k] for k in last_10_customers}\n",
    "\n",
    "for customer_id, seqs in test_customers_sequences.items():\n",
    "    test_seq = test_customers_sequences[customer_id][-window_size:]\n",
    "    test_seq = [' '.join(tuple(str(x) for x in sid)) for sid in test_seq]\n",
    "    print(f\"Customer: {customer_id}\")\n",
    "    print(f\"test SIDs sequence: {test_seq}\")\n",
    "    recommended_sids = recommended_next_sid(test_seq, model, tokenizer, window_size, top_k=12)\n",
    "    filtered = [ # filter out empty sids\n",
    "        (sid, semantic_2_item[tuple(int(x) for x in sid.split())])\n",
    "        for sid in recommended_sids\n",
    "        if sid.strip() != ''\n",
    "    ]\n",
    "\n",
    "    print(\"Recommended SIDs, generated by transformer: \")\n",
    "    for sid, id in filtered:\n",
    "        row = articles.loc[articles['article_id'].astype(str) == str(id)]\n",
    "        prod_name = row['prod_name'].iloc[0]\n",
    "        print(f'Rec. SID: {sid} --> article_id: {id} --> product_name: {prod_name}')"
   ]
  },
  {
   "cell_type": "markdown",
   "id": "949bf16b",
   "metadata": {},
   "source": [
    "### 2. Inference by CF"
   ]
  },
  {
   "cell_type": "code",
   "execution_count": 10,
   "id": "af250fae",
   "metadata": {},
   "outputs": [
    {
     "name": "stdout",
     "output_type": "stream",
     "text": [
      "Customer: fffd70b14382482cf3d10def86df367b2b6e0af711dede538a6a036dcc04da0b\n",
      "article_id: 572998001 --> product_name: Simple as that Cheeky Tanga\n",
      "article_id: 572998001 --> product_name: Timeless Cheeky Brief\n",
      "article_id: 572998001 --> product_name: Timeless Midrise Brief\n",
      "article_id: 572998001 --> product_name: Tilly (1)\n",
      "article_id: 572998001 --> product_name: Jade HW Skinny Denim TRS\n",
      "article_id: 572998001 --> product_name: Brit Baby Tee\n",
      "article_id: 572998001 --> product_name: Perrie Slim Mom Denim TRS\n",
      "article_id: 572998001 --> product_name: Jade HW Skinny Denim TRS\n",
      "article_id: 572998001 --> product_name: Tilda tank\n",
      "article_id: 572998001 --> product_name: Lazer Razer Brief\n",
      "article_id: 572998001 --> product_name: Chestnut strap top\n",
      "article_id: 572998001 --> product_name: Pamela Shorts HW\n",
      "Customer: fffd82f00fc748fae98fa569c6863a4c5b2242e0c8162871a91bcbf10b4b95be\n",
      "article_id: 572998001 --> product_name: JOGGER CARGO ANKLE\n",
      "article_id: 572998001 --> product_name: WAFFLE LS CTN SLIM FIT\n",
      "article_id: 572998001 --> product_name: ATLAS halfplacket\n",
      "article_id: 572998001 --> product_name: VICTOR SLIM VN T-SHIRT\n",
      "article_id: 572998001 --> product_name: Robin 3pk Fancy\n",
      "article_id: 572998001 --> product_name: Chris 3pk Fancy\n",
      "article_id: 572998001 --> product_name: Robin 3pk Fancy\n",
      "article_id: 572998001 --> product_name: MAC SLIM WAFFLE LS T-SHIRT\n",
      "article_id: 572998001 --> product_name: WAFFLE LS CTN SLIM FIT\n",
      "article_id: 572998001 --> product_name: Sleep bag velour\n",
      "article_id: 572998001 --> product_name: Robin 3pk Fancy\n",
      "article_id: 572998001 --> product_name: Barry cardigan\n",
      "Customer: fffe31e3db6da51996aa72113b4672fae9bad96d1298e2eb798f06c963bebc13\n",
      "article_id: 572998001 --> product_name: Buckle Up Cheeky Brief\n",
      "article_id: 572998001 --> product_name: Buckle Up Triangle Top\n",
      "article_id: 572998001 --> product_name: The Low Line Highwaist\n",
      "article_id: 572998001 --> product_name: Timeless Sports Top\n",
      "article_id: 572998001 --> product_name: Timeless Padded Swimsuit\n",
      "article_id: 572998001 --> product_name: Sweet and Bitter Top\n",
      "article_id: 572998001 --> product_name: Sweet and Bitter Top\n",
      "article_id: 572998001 --> product_name: Sweet & Bitter Mid Tie Brief\n",
      "article_id: 572998001 --> product_name: B Sassy Sarong\n",
      "article_id: 572998001 --> product_name: Love Shack Cheeky Brief\n",
      "article_id: 572998001 --> product_name: Poetic Swimsuit\n",
      "article_id: 572998001 --> product_name: Desert Highline Braz. Cheeky\n",
      "Customer: fffeb8c2b8b5541865aa6ecd68d65dbe3f17dc93e2776d37b233438c94d9dd12\n",
      "article_id: 572998001 --> product_name: Fondant SP Olympus\n",
      "article_id: 572998001 --> product_name: Fissa Thong Maple Low 2p\n",
      "article_id: 572998001 --> product_name: Cardamom thong\n",
      "article_id: 572998001 --> product_name: SP balconette\n",
      "article_id: 572998001 --> product_name: Fissa Push Melbourne\n",
      "article_id: 572998001 --> product_name: Fissa Thong Maple Low 2p\n",
